10 10 
12.0487 32.3117 
14.1669 54.3564 
15.3376 66.7703 
16.6474 80.4214 
17.6444 91.2316 
19.1185 106.582 
20.641 110.253 
29.1672 110.369 
33.345 100.901 
46.7105 70.0726 
52.8633 56.1725 
54.7629 51.8603 
57.148 46.4959 
59.9184 40.4119 
61.7744 39.8721 
67.4308 39.326 
70.0613 40.6323 
75.1356 51.9673 
78.5659 59.6176 
82.5621 68.3771 
90.2325 86.633 
93.1631 93.2736 
97.0991 102.23 
100.561 110.238 
110.063 110.241 
112.505 110.334 
123.282 110.654 
127.115 110.782 
130.404 109.236 
130.266 99.37 
130 82.2161 
129.922 69.5333 
129.982 57.7299 
130.006 47.2942 
130.068 41.5195 
126.397 29.4417 
125.993 28.216 
125 25 

